name: drl_p3
channels:
  - pytorch
  - defaults
dependencies:
  - attrs=19.3.0=py_0
  - blas=1.0=mkl
  - ca-certificates=2020.1.1=0
  - certifi=2019.11.28=py36_0
  - cffi=1.14.0=py36hb5b8e2f_0
  - decorator=4.4.2=py_0
  - importlib_metadata=1.5.0=py36_0
  - intel-openmp=2019.4=233
  - ipython=7.13.0=py36h5ca1d4c_0
  - ipython_genutils=0.2.0=py36_0
  - jedi=0.16.0=py36_0
  - jinja2=2.11.1=py_0
  - jsonschema=3.2.0=py36_0
  - jupyter_client=6.0.0=py_0
  - jupyter_core=4.6.1=py36_0
  - libcxx=4.0.1=hcfea43d_1
  - libcxxabi=4.0.1=hcfea43d_1
  - libedit=3.1.20181209=hb402a30_0
  - libffi=3.2.1=h475c297_4
  - libgfortran=3.0.1=h93005f0_2
  - libsodium=1.0.16=h3efe00b_0
  - markupsafe=1.1.1=py36h1de35cc_0
  - mistune=0.8.4=py36h1de35cc_0
  - mkl=2019.4=233
  - mkl-service=2.3.0=py36hfbe908c_0
  - mkl_fft=1.0.15=py36h5e564d8_0
  - mkl_random=1.1.0=py36ha771720_0
  - nbconvert=5.6.1=py36_0
  - nbformat=5.0.4=py_0
  - ncurses=6.2=h0a44026_0
  - ninja=1.9.0=py36h04f5b5a_0
  - notebook=6.0.3=py36_0
  - numpy-base=1.18.1=py36h6575580_1
  - openssl=1.1.1e=h1de35cc_0
  - pandoc=2.2.3.2=0
  - pandocfilters=1.4.2=py36_1
  - parso=0.6.2=py_0
  - pexpect=4.8.0=py36_0
  - pip=20.0.2=py36_1
  - prometheus_client=0.7.1=py_0
  - prompt_toolkit=3.0.3=py_0
  - pycparser=2.20=py_0
  - pygments=2.6.1=py_0
  - pyrsistent=0.15.7=py36h1de35cc_0
  - python=3.6.10=h359304d_0
  - python-dateutil=2.8.1=py_0
  - pytorch=0.4.0=py36_cuda0.0_cudnn0.0_1
  - readline=7.0=h1de35cc_5
  - setuptools=46.0.0=py36_0
  - six=1.14.0=py36_0
  - sqlite=3.31.1=ha441bb4_0
  - testpath=0.4.4=py_0
  - tk=8.6.8=ha441bb4_0
  - tornado=6.0.4=py36h1de35cc_1
  - traitlets=4.3.3=py36_0
  - wcwidth=0.1.8=py_0
  - webencodings=0.5.1=py36_1
  - wheel=0.34.2=py36_0
  - xz=5.2.4=h1de35cc_4
  - zeromq=4.3.1=h0a44026_3
  - zlib=1.2.11=h1de35cc_3
  - pip:
    - absl-py==0.9.0
    - appnope==0.1.0
    - astor==0.8.1
    - backcall==0.1.0
    - bleach==1.5.0
    - cycler==0.10.0
    - defusedxml==0.6.0
    - docopt==0.6.2
    - entrypoints==0.3
    - gast==0.3.3
    - grpcio==1.11.0
    - html5lib==0.9999999
    - ipykernel==5.2.0
    - ipython-genutils==0.2.0
    - ipywidgets==7.5.1
    - jupyter==1.0.0
    - jupyter-client==6.1.0
    - jupyter-console==6.1.0
    - jupyter-core==4.6.3
    - kiwisolver==1.1.0
    - markdown==3.2.1
    - matplotlib==3.2.1
    - more-itertools==8.2.0
    - numpy==1.18.2
    - packaging==20.3
    - pickleshare==0.7.5
    - pillow==7.0.0
    - pluggy==0.13.1
    - prompt-toolkit==3.0.4
    - protobuf==3.5.2
    - ptyprocess==0.6.0
    - py==1.8.1
    - pyparsing==2.4.6
    - pytest==5.4.1
    - pyyaml==5.3.1
    - pyzmq==19.0.0
    - qtconsole==4.7.1
    - qtpy==1.9.0
    - send2trash==1.5.0
    - tensorboard==1.7.0
    - tensorflow==1.7.1
    - termcolor==1.1.0
    - terminado==0.8.3
    - unityagents==0.4.0
    - werkzeug==1.0.0
    - widgetsnbextension==3.5.1
    - zipp==3.1.0
prefix: /opt/anaconda3/envs/drl_p3

